0.6193553020
0.6231404091
0.4629593227
0.6722222731
0.6625808488
0.4432240802
0.4856906346
0.4455704365
0.5323026295
0.5220896238
0.7119627296
0.6697530405
0.7150216419
0.5114484150
0.5479953341
0.7600505347
0.4912548942
0.5765553577
0.5704800138
0.4358189759
0.6190091562
0.4212687104
0.5919872075
0.4280463862
0.5879534095
0.5110589373
0.5089450793
0.4774215167
0.6190864822
0.7393919221
0.4818540701
0.6064551768
0.3346285205
0.5935338765
0.6576069619
0.6101718328
0.5527073638
0.6018584040
0.5509352223
0.6094693285
0.5849775552
0.6654961803
0.5874234596
0.5976872799
0.5807451610
0.6260485345
0.5731428533
0.6666988691
0.5921952268
0.7012740260
0.6216254272
0.4147537568
0.6910502431
0.6742052336
0.6346971799
0.6562783172
0.5353902558
0.4180311852
0.5118078575
0.6799427771
0.5293589099
0.3109963138
0.4127510783
0.4816211682
0.6862198716
0.5578370626
0.6483804005
0.4029484735
0.4575411282
0.6297727722
0.5676275975
0.5256330084
0.6522764650
0.6216193538
0.5199057282
0.6869329015
0.5693864163
0.6685289247
0.4721247602
0.4463213151
0.5600531871
0.5131361738
0.6583744677
0.6896477766
0.5713432798
0.3968831730
0.6506023799
0.6965758925
0.5472163275
0.7813370700
0.6504761694
0.5916915181
0.5925441341
0.4924644482
0.6553407000
0.5212951978
0.4064629759
0.7544495880
0.7870152582
0.6911558640
0.3552491835
0.6007671927
0.6123122803
0.7513699943
0.6632359837
0.5229944041
0.5233670319
0.4662994453
0.5282159270
0.6486932685
0.5771571173
0.5612147314
0.6016259293
0.5377353520
0.4717375682
0.5111405161
0.5727076275
0.5738049751
0.5209037671
0.6330129828
0.7071124184
0.4662757226
0.5752020368
0.5729974910
0.4755303016
0.6839093744
0.7302347701
0.4758567468
0.4496301825
0.6228293007
0.5662357423
0.6978817579
0.5862688243
0.5779487133
0.6400939094
0.6013861662
0.6795466231
0.6268457455
0.4636265091
0.6219360749
0.3397235858
0.7128583064
0.7504033790
0.5643472794
0.6030107296
0.6368664532
0.5244395946
0.6339206042
0.4799225557
0.4965428185
0.5279032396
0.5166826798
0.5856287039
0.6172662804
0.4429394829
0.5657766445
0.6171709987
0.4455019146
0.5895468335
0.6006929790
0.7094905211
0.5046701381
0.5653090814
0.5890028712
0.6071014501
0.4980996721
0.4988678128
0.4134830709
0.5739341148
0.4886691490
0.7467152445
0.6390408921
0.5535942782
0.6343106357
0.4604530174
0.6395086749
0.4465744100
0.6381489813
0.6644030094
0.3837530278
0.6154033477
0.4602340910
0.4742059529
0.6466150627
0.6915894954
0.7191162837
0.5993671782
0.5250063144
0.6224916767
0.5009953785
0.5777663382
0.3833979540
0.4382375146
0.4977775802
0.6120066343
0.5280495852
0.5580814344
0.6564461076
0.5956544226
0.7133619814
0.5145711236
0.5904742527
0.5884427827
0.4841460708
0.7940175293
0.4559631853
0.4963249220
0.4951794095
0.4985192400
0.6279185023
0.5053501699
0.6912934254
0.5277970624
0.6637312587
0.6338676107
0.6676175358
0.5820315334
0.6029412487
0.6035728970
0.4973091838
0.5919175005
0.6990325105
0.6259020626
0.4616582090
0.6242408793
0.5211763991
0.4669618368
0.6495138688
0.4872605605
0.4985990693
0.5938129162
0.5773228183
0.5784377471
0.6381245376
0.5587355180
0.5701397837
0.6305179006
0.4934418531
0.6319108977
0.5479717805
0.4321321668
0.6276596059
0.6467349703
0.6270399727
0.7021523875
0.7110764516
0.6331502171
0.4999213573
0.7117066295
0.5094738773
0.6814864811
0.6063780695
0.6835044841
0.4946529552
0.6178533380
0.4234392780
0.6415575336
0.3993037689
0.4405035961
0.4945780326
0.5917189927
0.5870306988
0.5797091056
0.5846977394
0.5455803570
0.4848734936
0.4234265254
0.5828865181
0.5246340038
0.4439886956
0.5215516888
0.7033437101
0.5580131665
0.6376048548
0.5248521976
0.7131076988
0.4926877461
0.4672001751
0.7437239769
0.5851847157
0.5202866360
0.5360238004
0.5751177889
0.5465692593
0.5446442996
0.5177991765
0.7305482326
0.5596402621
0.5860411434
0.6974161458
0.5052139411
0.6898495180
0.6876306380
0.3796874188
0.5025839508
0.4202003737
0.4595204466
0.6538134564
0.5254862515
0.4900230479
0.6037946314
0.5750251781
0.4716888650
0.6409234499
0.6405614139
0.3667773984
0.4813334055
0.6580872894
0.6352541322
0.5505662829
0.5506706856
0.5217715243
0.5995435631
0.3214433100
0.5450763407
0.4847846091
0.6532014603
0.6186746971
0.4638607030
0.5783487985
0.5023135552
0.4478816285
0.5229531452
0.4620326511
0.5854439172
0.5775482812
0.6036279676
0.6393899792
0.5198793533
0.4564265875
0.4665787699
0.6755841263
0.4626516885
0.6623199244
0.4411714911
0.4107491077
0.5417641831
0.4672167421
0.4446855965
0.6242652246
0.5370976154
0.4349203981
0.4908360581
0.6986190989
0.6043708514
0.4633833696
0.5663863717
0.6194103899
0.5276865783
0.5661686073
0.5458111478
0.5244185057
0.5906659423
0.5022406104
0.5256059277
0.5840216557
0.4647122878
0.4469154047
0.5107671959
0.5879399247
0.6294360290
0.5978219607
0.6602384592
0.6223896774
0.6288469614
0.5764890378
0.6309560309
0.3366147660
0.5291466652
0.6393199145
0.5641010411
0.5936613593
0.6065039407
0.5764577955
0.5628286152
0.6430702727
0.6114737373
0.5781126162
0.5236228637
0.6260653977
0.4088608555
0.5509244738
0.5859926104
0.4362797941
0.6444486279
0.5524353041
0.5314679254
0.7477931294
0.6672059858
0.5566215238
0.4264283557
0.5998582517
0.2787194107
0.5738465495
0.4164972248
0.5751239381
0.4841378753
0.5550315075
0.4362467222
0.5470065518
0.4431228466
0.5587096193
0.4243055496
0.5564613843
0.6318240134
0.5412624009
0.5654833849
0.6712622378
0.4646829542
0.6426385200
0.6582602251
0.5611550716
0.5748271954
0.4533430971
0.6538855086
0.6442871235
0.6713292986
0.6390445097
0.5047136741
0.5367477986
0.6727251906
0.5296349546
0.5184029859
0.5464981902
0.6095938199
0.4367931076
0.4942935043
0.5381848036
0.6865384394
0.5297646313
0.4349906689
0.6700599454
0.6229407763
0.5226195532
0.5861381240
0.7833926227
0.5736706582
0.7622184776
0.5556421877
0.5345186533
0.5017297346
0.4519352077
0.6778038873
0.4665144189
0.4772641118
0.6026345474
0.5695228707
0.5080189415
0.6520594828
0.6322566743
0.7510410635
0.4529433090
0.6552835735
0.4533900673
0.4819010657
0.6622984885
0.5994354552
0.7186301746
0.6014384621
0.5311199400
0.5274455095
0.4273434100
0.6220351047
0.6945015795
0.6388712299
0.5630151472
0.7071420443
0.4944661751
0.4997775739
0.5003409462
0.5725920149
0.6195124564
0.3457475540
0.6491231750
0.4690579873
0.4357936769
0.5963378096
0.5018011371
0.3706654927
0.6952158690
0.4836449005
0.7242691306
0.6124839225
0.6410037028
0.4481298806
0.4494576241
0.6441499361
0.6240350292
0.6871016477
0.4990255451
0.4181895604
0.5821482350
0.4911619498
0.5372113866
0.5913492578
0.5511644651
0.6472304849
0.6908517332
0.5722830939
0.5167992191
0.6254872815
0.6375580949
0.5414161882
0.5746390451
0.5321340392
0.5586490555
0.4689501602
0.6591961364
0.7092711085
0.4416000338
0.5556393703
0.4250458250
0.5688231601
0.6087075914
0.3525477541
0.6617094009
0.6649227138
0.6730094639
0.6653641380
0.6211878526
0.6654473390
0.5630526036
0.6320071337
0.5295824691
0.6457128056
0.4620687677
0.7549703527
0.4927926856
0.5273307603
0.4064924611
0.6745618253
0.5196032374
0.7267937022
0.5951388806
0.6501467077
0.5270587930
0.6346492626
0.4883070487
0.5581759385
0.5713742719
0.5229796499
0.5089044245
0.5847609996
0.5317419188
0.4508345408
0.7045664295
0.6495918714
0.6750531013
0.6222999450
0.5924183316
0.4828978277
0.5823007827
0.3344510472
0.5029425239
0.5480116867
0.7390918610
0.7314191012
0.5002405136
0.6083620741
0.5280249415
0.5043739097
0.5154749090
0.6125243486
0.5187027321
0.5471057399
0.7075727422
0.4571223208
0.5711555902
0.5424408166
0.6156622568
0.5828442878
0.5591177170
0.5548767876
0.3930732165
0.5582471969
0.5198263941
0.4192172884
0.5490643497
0.6995849150
0.5609600358
0.6373622096
0.4826093675
0.5352876360
0.7084384298
0.5600288556
0.4372632764
0.7553287787
0.4920635965
0.7262013840
0.6118294186
0.4319332390
0.6541030552
0.5451366364
0.6446042013
0.5128420450
0.5583465124
0.6277841265
0.6249971757
0.4781805693
0.5321948621
0.5500667417
0.6560657892
0.5791409871
0.5119557557
0.5726676929
0.6257154565
0.7724023289
0.5037809779
0.5706455930
0.4987779555
0.5819944965
0.6505691430
0.4011991063
0.4486038200
0.7413075879
0.4382282726
0.6018880371
0.5728275646
0.5505726208
0.6269601276
0.4319207756
0.6507153350
0.5754336614
0.5705171135
0.5383235826
0.5754228964
0.5136782808
0.5842788889
0.4213381560
0.4866834348
0.6003093452
0.4022392323
0.7156467847
0.3823152867
0.7520333139
0.6271975284
0.5876629545
0.6653391503
0.6201733979
0.6474829783
0.3353422143
0.3517888196
0.5868765868
0.6006788020
0.6731530278
0.7009495502
0.5484993747
0.6911249110
0.5357253149
0.3528338617
0.4504657420
0.4068424508
0.5240928244
0.6208971808
0.6996415926
0.5797499826
0.5892657016
0.6597341370
0.5861587776
0.5561737199
0.6662724132
0.6036082990
0.6241574414
0.5897400488
0.7183811034
0.4930457037
0.5877494726
0.5976136078
0.6942979865
0.4715777753
0.5646458379
0.6964440881
0.3882389668
0.5072174541
0.5519648239
0.6350904516
0.5261494087
0.6219380975
0.5629286014
0.6690654911
0.7842473077
0.4808767595
0.6553532456
0.7013288269
0.6082642826
0.6449427438
0.5913135843
0.3389935979
0.5344131877
0.4518792918
0.5215638558
0.6352307871
0.4571842618
0.6275013494
0.6350938219
0.6768892830
0.5116793625
0.5887621955
0.7851152305
0.4253507123
0.4416800335
0.5882210343
0.4944404235
0.3706542480
0.4080426458
0.6685958510
0.5641440262
0.5707627210
0.5561806532
0.3907122767
0.5295708256
0.4733355955
0.6451492544
0.5972049363
0.5478914870
0.6419388843
0.6537044389
0.5735270813
0.5891545478
0.5858078546
0.6045165462
0.6468342442
0.6195076772
0.6144673653
0.5475857671
0.4976907518
0.5933790560
0.4802902996
0.6184522498
0.4526348564
0.5898514653
0.5137121706
0.5877597213
0.4250145543
0.5684449215
0.5873049527
0.5592520437
0.5459744542
0.6882323925
0.4949382813
0.6580860389
0.7088066478
0.4812825199
0.6320467936
0.4348463474
0.5679829405
0.4597329950
0.5203001760
0.5946737437
0.6349430371
0.5812574343
0.6383422031
0.6050959988
0.5629645597
0.6248850609
0.4769057289
0.4935602540
0.5910527602
0.4633112643
0.4762929546
0.5997596540
0.4653732316
0.5903129402
0.6303235175
0.6399396351
0.4684023603
0.4863212753
0.5211957737
0.4525001991
0.5656558656
0.6830553336
0.4792292649
0.5878957359
0.6092863510
0.5771635530
0.5690893056
0.6862125185
0.6780178105
0.7009173209
0.7051858804
0.6445062150
0.7517509072
0.7297266371
0.4839444463
0.4836328455
0.4134100711
0.7032214058
0.6970850655
0.7174664857
0.5373570341
0.4698797617
0.5112353267
0.6262812346
0.4408823323
0.4810528227
0.5485929934
0.4908324335
0.5926374058
0.5833081581
0.5987708715
0.5530525037
0.4338132165
0.6623854255
0.7064122885
0.5292628791
0.5707328663
0.4402238710
0.3388535962
0.5530210631
0.5670098801
0.4966756935
0.3231955423
0.5150701867
0.5194229315
0.7082521609
0.5130733458
0.5108042162
0.3035422324
0.6029487479
0.6244389159
0.7053296506
0.5873363774
0.5098143515
0.5246087338
0.6345327938
0.3450472381
0.4052448733
0.6664417527
0.7204741392
0.6628541350
0.6275004078
0.6356537570
0.5499470986
0.6389358491
0.5960327465
0.6578449657
0.5090361095
0.5863384868
0.5075639203
0.4554813088
0.5638934533
0.5607307101
0.4416571979
0.4773496554
0.4386157566
0.5838419180
0.7077770905
0.7070500783
0.6715665998
0.5154708956
0.6417091138
0.7204814053
0.4675702661
0.7287279008
0.6835207414
0.5403062641
0.5969735710
0.6811745358
0.4708913856
0.5759289529
0.7296008999
0.5747260090
0.5761779141
0.6846203777
0.5324418430
0.6537945357
0.7449208447
0.5589923183
0.5015015746
0.4241832220
0.5998337188
0.5242348043
0.6200156829
0.6002885939
0.3414938302
0.6696399725
0.5097055546
0.5964428999
0.7040933588
0.5377889050
0.3877001251
0.5293692572
0.6819554975
0.5384151854
0.5724996101
0.5014593417
0.6167345142
0.5489844800
0.4805416396
0.5835965568
0.4347467341
0.5309196222
0.5543960133
0.7060329271
0.5875897848
0.4616434402
0.6547496012
0.5514984104
0.6557041388
0.8160720400
0.6812040535
0.6386550929
0.6166479732
0.5911642047
0.5456886589
0.4835590355
0.4671679400
0.6124946016
0.4984656662
0.5767470199
0.6169656748
0.4873820439
0.6275853117
0.2989798881
0.6601253067
0.4889234719
0.3447362533
0.5445619748
0.5923745743
0.5307152403
0.6857483124
0.5445359718
0.6007532919
0.4403593830
0.6451332947
0.6472352447
0.4836462956
0.4305263873
0.5601136099
0.6584298886
0.5732851865
0.6834723467
0.5833092956
0.6787253343
0.5512870369
0.6102934372
0.5751118917
0.4956027269
0.5459283402
0.7076950825
0.5004664125
0.5813619323
0.4213211171
0.4444175417
0.5263683902
0.5575827329
0.4490710513
0.5062542970
0.6834138886
0.6000129972
0.4974748996
0.5284262717
0.5057318916
0.5937626855
0.6044984653
0.6411241216
0.5936676813
0.6808340434
0.6343391831
0.6789811331
0.4685915905
0.6192601131
0.6111309530
0.3422261824
0.5766790605
0.4749828624
0.5749124848
0.5781558203
0.5466593014
0.4189308361
0.6081301771
0.6565230259
0.6032113785
0.6950392228
0.6701587036
0.5999582383
0.5778869365
0.4613183487
0.4238763999
0.6335630617
0.6278958602
0.4715469477
0.6157851845
0.5528715685
0.4518359153
0.5978489170
0.4473557007
0.6164586868
0.5591531544
0.6987803971
0.5791563026
0.4479156586
0.5706581010
0.7765859448
0.5353507847
0.5878561283
0.5655967954
0.6829530112
0.5384323625
0.5237937719
0.4084495070
0.5292500008
0.5973761356
0.6117505735
0.5267457678
0.4906607644
0.5309276915
0.5582591965
0.4531779312
0.6642890406
0.4755633369
0.7027548395
0.6976257037
0.5170825995
0.5345378614
0.5846931888
0.5681530375
0.5622973878
0.4683117077
0.6855450995
0.4896193371
0.5579282220
0.5219382883
0.6153205236
0.6711333484
0.3786308299
0.5752071370
0.5702394082
0.5759360008
0.5783551141
0.6127891506
0.4235577593
0.5921645870
0.6517015621
0.6211315505
0.4437730319
0.6327143235
0.7643295949
0.5687984623
0.7042530998
0.4801333108
0.5900570484
0.5219399809
0.4950266245
0.5340978962
0.4677145593
0.6330760181
0.5334503429
0.6448533014
0.5753532032
0.5916317765
0.4721029767
0.5960634435
0.5577408644
0.5320332388
0.4836408444
0.6230582083
0.5570989209
0.4324803234
0.6783793001
0.5748236596
0.4417509929
0.6558874616
0.4374382929
0.6772007700
0.6939849544
0.5983798056
0.5336876614
0.4911040728
0.5385043596
0.5810622364
0.4155327265
0.5642263754
0.5155760976
0.5980719894
0.4792219193
0.6121679986
0.7526380142
0.6822476067
0.4347642545
0.7415321039
0.6503570107
0.6882897889
0.5597816606
0.4388586589
0.5986208130
0.4797403881
0.6564202318
0.5915014311
0.5275038674
0.4236829895
0.5234471022
0.4401503202
0.5130550830
0.5844307622
0.6048204055
0.4758032853
0.5776945635
0.5191459548
0.4910844993
0.7011923104
0.3935649080
0.4543749862
0.5383442628
0.5220383511
0.5275554512
0.6252431240
0.5420092487
0.6395555332
0.4735638880
0.6572660895
0.5847190502
0.7220700609
0.5883585418
0.6630070209
0.6567963475
0.5322009432
0.4424982925
0.6288538115
0.5763462477
0.3717426983
0.5683587743
0.7307645051
0.4797136772
0.5530923276
0.5034629670
0.6207784938
0.6291016786
0.3951073996
0.5306643892
0.6270993545
0.4876679049
0.5942867063
0.5870943141
0.5839769297
0.6975245646
0.5854884373
0.6122633610
0.5447355180
0.5145265942
0.5284116585
0.6347054243
0.6128344569
0.6289762477
0.7170502496
0.3718013122
0.4796096611
0.6291378635
0.5613794772
0.5012842870
0.6586987415
0.4346087045
0.6387762643
0.5382350975
0.5310391364
0.5656838732
0.4466072399
0.5008008093
0.5230599897
0.6193129774
0.6477942660
0.6473498994
0.5818847261
0.4825422723
0.6432688344
0.7222845124
0.5084238454
0.4967877229
0.5419617127
0.6571152840
0.4836452463
0.4140118451
0.5007482377
0.4975065064
0.7500867649
0.4994741767
0.4296804627
0.4444764993
0.6739027489
0.5037450385
0.4495344104
0.6072537584
0.5282615744
0.3924873239
0.6254745411
0.5813600848
0.5233435973
0.4372297230
0.6160047514
0.6089601145
0.4708748588
0.3497527573
0.6065718839
0.5763379398
0.3634524742
0.5431362568
0.6315793775
0.4351153943
0.4989702223
0.4133996707
0.5713537158
0.5902228487
0.5530102311
0.4018194373
0.6740071608
0.4788166936
0.6248135675
0.4852080341
0.5933000113
0.6583003377
0.6310878267
0.6151179200
0.6968434541
0.5334977069
0.4915443811
0.5344117051
0.6199968638
0.5092917287
0.5430931797
0.6152597065
0.5291064812
0.5823847116
0.4255442035
0.5977911946
0.5286255836
0.6195268973
0.5785434398
0.6831327787
0.5844995379
0.7467938047
0.6953557623
0.3301835608
0.6158529276
0.6231347608
0.6356307308
0.4526107109
0.3633592221
0.6684241836
0.5242443006
0.5487076544
0.5582100485
0.5065769474
0.5718351417
0.4474007763
0.5499614964
0.6194620662
0.7808284940
0.4094997250
0.4920747764
0.5810994812
0.5899734168
0.6374340291
0.5758539468
0.5589009222
0.6752164695
0.7394798222
0.6321937236
0.6839369807
0.7309617665
0.5802444181
0.7225325528
0.5135335536
0.5187981038
0.6544335210
0.4991557213
0.4978165578
0.5790861298
0.5450395346
0.5578161386
0.6598798852
0.5057502368
0.7551811458
0.5453760792
0.4762872048
0.6094556438
0.5321803666
0.6159785589
0.6173627116
0.6677896122
0.5312321077
0.6998418217
0.5242460892
0.5190806614
0.6103317323
0.5053246988
0.4056694625
0.5885939031
0.5097260701
0.5676604708
0.3697416883
0.5684037367
0.6208522031
0.4805459475
0.3981823050
0.6105442640
0.6767744726
0.5818223352
0.5918328607
0.6318435340
0.4615297799
0.6073133520
0.6615192799
0.5356128256
0.5130632041
0.6398583312
0.6830640202
0.6469787684
0.5731633125
0.4182928847
0.4780269724
0.5110792374
0.6974229596
0.5002378825
0.6159330285
0.6837616427
0.7847377988
0.4932846279
0.4278149125
0.7094163847
0.5755022274
0.6133781991
0.5440274886
0.5800623170
0.6148571399
0.5363480386
0.3927915985
0.5387967697
0.5846776305
0.4287082207
0.4975643355
0.7099701594
0.4380614725
0.6206288965
0.4726274515
0.5756440816
0.4177700182
0.4867126431
0.3440842943
0.7128890862
0.6535620890
0.5468960823
0.7581485428
0.5489734388
0.3085543977
0.7446332407
0.5979126229
0.5254140116
0.5059478646
0.6319307049
0.5886659280
0.6515150267
0.5716318143
0.5463137171
0.5192123815
0.5098433087
0.5970917459
0.6624797043
0.5815417927
0.4808346990
0.5959255507
0.3884456916
0.7095553164
0.6258893498
0.5482738309
0.6627023013
0.5377472239
0.7725928668
0.6399510463
0.4800168634
0.6633044123
0.3767555614
0.4823215529
0.8075249207
0.4775582381
0.5021322111
0.5684926347
0.2949403983
0.6227679347
0.7144269565
0.6856149117
0.5176700752
0.5231218838
0.7517592597
0.3891448545
0.4352363324
0.4891130503
0.6722670716
0.6473086738
0.5936846794
0.6593256812
0.6421016995
0.7244686287
0.5637212141
0.6513242523
0.5269977032
0.5247059225
0.7406745341
0.5484675576
0.6037605433
0.5421633221
0.6368423082
0.6905927484
0.6167893473
0.4529193842
0.7573937328
0.4304996337
0.6824468149
0.5909708812
0.4439716741
0.6042913718
0.5751521435
0.5015939362
0.4438209119
0.5719666311
0.5907701556
0.3966490297
0.6379440648
0.5926132262
0.5755730784
0.6062500777
0.5331298586
0.6141704495
0.7110803261
0.6419026478
0.5847016084
0.5283069528
0.5820862203
0.6843722032
0.5774697279
0.6974378505
0.5957639202
0.3683728590
0.7183608229
0.7627762177
0.4664150130
0.7051546944
0.6773077175
0.5329453490
0.6333084235
0.4704290568
0.3884043262
0.6516217825
0.5408328498
0.7639137605
0.3722508025
0.6192993121
0.6322768815
0.6083598830
0.7251721472
0.6797118823
0.4926529973
0.5112473166
0.4904570393
0.5840167195
0.5823110751
0.6979224273
0.5851314677
0.3957559429
0.6973188478
0.6964557390
0.6692854293
0.5521133322
0.5514061067
0.5048313785
0.4374464783
0.4761112503
0.4091160993
0.4393500280
0.5498540868
0.5265053632
0.5761915747
0.6125859636
0.7257728301
0.5186119057
0.5578619538
0.6005454054
0.6053934157
0.3479081420
0.5476549155
0.4965959181
0.6023445369
0.6675081277
0.6551408842
0.5239618174
0.4199223997
0.5504088534
0.6062456133
0.6232526436
0.5630519524
0.3856329248
0.5436165598
0.6401668279
0.5572068040
0.6020982957
0.6038347783
0.5469324373
0.5461060584
0.6223577454
0.6128280756
0.5263045351
0.6296327968
0.5777769402
0.4949104066
0.5692125954
0.5474105114
0.5805580956
0.6288852678
0.5150257197
0.6011225897
0.4802953481
0.5927771578
0.5378436755
0.6248957784
0.6028068165
0.5265827080
0.5083879125
0.7014896640
0.5098199581
0.5235801530
0.7003042306
0.5701040270
0.6154843895
0.4866192658
0.5737102486
0.6813234454
0.5838347837
0.6253436736
0.4986291363
0.5863658173
0.6265961514
0.4728371102
0.4978870313
0.3898579126
0.5782593267
0.6007245429
0.6384452110
0.6421016562
0.6067448073
0.5062182371
0.5029198839
0.4704581471
0.7095888714
0.5773409057
0.5099922546
0.5110991993
0.5415998388
0.6666152178
0.3916870481
0.4536212671
0.7929264272
0.5388070065
0.4917561329
0.4832646395
0.6469939714
0.4264910934
0.7265597189
0.8234193449
0.4883589559
0.4972560922
0.6223279891
0.6901258449
0.5940022938
0.5187905186
0.6129163651
0.6550565293
0.5482174377
0.7037697066
0.7187052547
0.5889120630
0.6150677511
0.6457855244
0.7164017260
0.6000021508
0.4976529232
0.6823001294
0.5268128375
0.6383622143
0.7249070619
0.6766256366
0.6069004379
0.5597535700
0.6754907677
0.4790832785
0.3724297293
0.6519684270
0.5046001048
0.4988890240
0.5765475669
0.6504343210
0.4843595537
0.4450376382
0.6534391687
0.5361165960
0.6686574571
0.5633743439
0.5583507352
0.7101977679
0.5824548969
0.4959859718
0.5641857434
0.5773285889
0.5282494585
0.5259027796
0.6705754414
0.4747373728
0.6130598583
0.5821184982
0.6833908369
0.5477231102
0.5503967660
0.6081760715
0.4523138825
0.7109622049
0.5597820667
0.6669332251
0.5446217382
0.6775020315
0.5565531759
0.6669001351
0.6958271471
0.6427683984
0.6900398769
0.5301649584
0.6135837156
0.4545356124
0.5853941033
0.5941199462
0.6063746536
0.5584977071
0.5981832597
0.6878449175
0.6299448166
0.5497634875
0.5946029357
0.5233267130
0.5692577073
0.5614584938
0.4602245643
0.6324738443
0.4162536750
0.6781113801
0.6422378745
0.4245451122
0.6628604743
0.5525535631
0.4992648115
0.6740393687
0.4463924630
0.5997306951
0.6424873940
0.6617601199
0.6553151856
0.5463036793
0.4385096016
0.6544946711
0.6307773542
0.4926675061
0.5529027643
0.6316235019
0.6124503828
0.7235537013
0.5970879319
0.4921873267
0.6324806948
0.6303032425
0.5950187885
0.4957481458
0.4384622795
0.4932448150
0.5817615714
0.7146242365
0.5353255421
0.5319059673
0.6374079211
0.5941413028
0.5623011211
0.5966267135
0.4812536053
0.5838874494
0.5560431631
0.4094688722
0.5485641214
0.6588376076
0.4287342800
0.5533163483
0.7292453719
0.5148982371
0.5642911822
0.6436918373
0.5963343857
0.4215678442
0.5896323009
0.5430344764
0.7502606699
0.5053038636
0.4579612501
0.4541933285
0.4659855150
0.6748402774
0.3636125500
0.6033393607
0.4668059533
0.5858714555
0.4593966406
0.6207800295
0.5241270251
0.5587410366
0.5850853113
0.5886966073
0.3739523253
0.5822708021
0.5876954308
0.5009235155
0.7432179777
0.5453433447
0.6312094676
0.6419592260
0.4096624533
0.4427167668
0.5108128232
0.6231420878
0.5078971093
0.4717608035
0.6525055805
0.5767178146
0.5771401456
0.6304126031
0.5924693150
0.4681469569
0.3877242237
0.5934192931
0.5735312523
0.6963342302
0.5774953561
0.5814646817
0.5727263493
0.5293690320
0.6107874083
0.3854879488
0.6610770672
0.5588503400
0.7425208320
0.5174800218
0.5192640523
0.7155441354
0.4539400426
0.5411837432
0.6106117097
0.7032685744
0.6545147947
0.4837500879
0.6253863355
0.5936527792
0.6730498358
0.6300840928
0.5968140842
0.5955662309
0.5376401565
0.6032836329
0.3799947193
0.6442354697
0.7028519470
0.6281603808
0.6895025362
0.6280605953
0.6542290545
0.6642043661
0.4592233835
0.5407344026
0.5554865173
0.4876577252
0.6721967447
0.6580236754
0.4914895211
0.4477595016
0.3655713529
0.4015960706
0.8001510378
0.4891172309
0.4642855985
0.6210227576
0.5838521544
0.6697497397
0.6166518987
0.5460215765
0.6192276207
0.4479708499
0.5215475583
0.6587971707
0.5295831883
0.5712387439
0.6400592511
0.5059384040
0.4746995327
0.5138781587
0.4007463873
0.5401981918
0.4263236562
0.5866038837
0.3294328155
0.4282352659
0.6489302537
0.5484438726
0.6318883453
0.5755267769
0.3367048164
0.5797387643
0.5587987794
0.6883381803
0.5999426759
0.4522390289
0.5607814813
0.5486206365
0.4869037289
0.5529877348
0.5073277582
0.5236903910
0.5667959037
0.3452962186
0.7044395006
0.5407825346
0.7198783189
0.7293341178
0.5225649629
0.5053161854
0.5369146384
0.5913465746
0.5956311389
0.5124839066
0.7370051182
0.5918107225
0.6022489062
0.7435407713
0.4435862068
0.6883245281
0.5058308544
0.5988931951
0.6174592769
0.6952578884
0.6277472045
0.4288992324
0.5949799911
0.6237303723
0.5567912572
0.5355108231
0.5681260584
0.5558545081
0.6298282310
0.4344774738
0.6113563515
0.6134973388
0.6455154441
0.6155670070
0.5816673917
0.6628739595
0.6733328264
0.6460608449
0.5416495416
0.4290548441
0.6105833896
0.6081288055
0.6484233857
0.6198769955
0.5295164947
0.4300107377
0.3426011813
0.6202115132
0.6276939387
0.5368955241
0.5220253881
0.5100519583
0.5110679436
0.8283021878
0.5196326597
0.6085802491
0.5073748455
0.5296169351
0.5776592628
0.6418912535
0.6292751581
0.7093443928
0.5819321777
0.5497044380
0.5833630379
0.6557979194
0.6207250291
0.5257222152
0.5805305114
0.5992842953
0.6386885702
0.7138015441
0.5994187813
0.5810989504
0.5629681795
0.7104045524
0.6547727851
0.5902030663
0.3405531781
0.6219431552
0.5331273198
0.5350268596
0.4597319300
0.4012063620
0.5763799545
0.4765771569
0.6453438186
0.4524271175
0.5486094112
0.5304419872
0.6425816959
0.5609662245
0.4082212907
0.5648732793
0.6054677840
0.7137413380
0.5676956661
0.7079603612
0.6048212528
0.5080521902
0.6003225046
0.5914230328
0.5438942418
0.5324570158
0.5298419673
0.5617931936
0.5972518497
0.5106141946
0.4215095229
0.5988196086
0.4864682052
0.4485292827
0.5851675624
0.3876144785
0.7461731381
0.5971985106
0.4920660577
0.4595599326
0.3793220986
0.6812572451
0.5158783401
0.6670641892
0.6070526376
0.6737352517
0.5008338685
0.5718436483
0.5819401990
0.6437418226
0.4897607614
0.7375772797
0.5602596984
0.6496009902
0.6296413689
0.6197434856
0.6383788877
0.4821138325
0.4747446670
0.5099265003
0.4627942011
0.6542402003
0.5267284845
0.7039460074
0.7169885087
0.7846179216
0.6877672089
0.6883410651
0.5094385060
0.6598992643
0.6110722866
0.5583696034
0.5266955854
0.7092355472
0.6254105288
0.6494897178
0.6700723769
0.5908164158
0.5006991551
0.6264665734
0.4451848240
0.5314531312
0.4942231409
0.4648166220
0.7105151069
0.7020825252
0.6824900209
0.5009516564
0.5575135363
0.5584848320
0.5014065515
0.6160609440
0.4743108807
0.5239364081
0.5532095219
0.6545035441
0.6455067276
0.3768115919
0.7118031862
0.4661022615
0.5936532059
0.4819924182
0.4363244337
0.6108922925
0.4372792573
0.4412691343
0.6104701879
0.6211785258
0.4843528568
0.6447105440
0.5850021911
0.5416933576
0.5396687780
0.6034718752
0.6634541337
0.5673722659
0.4875347487
0.6045609784
0.5113145169
0.3675428962
0.6277151726
0.6413917531
0.5296361702
0.6429876404
0.6935495492
0.6011715176
0.7178091739
0.6624628207
0.4568720784
0.5629883965
0.4888450947
0.4465387508
0.4149097540
0.6104015113
0.5673668672
0.7068677555
0.6899891411
0.5634908176
0.5075501934
0.4019370492
0.5812302942
0.6233437290
0.6028756487
0.6840777300
0.5655462821
0.6204327301
0.4007540954
0.5236870426
0.5658407302
0.6423707401
0.7462674791
0.6448260677
0.5697547245
0.4498607955
0.5777065566
0.5078034350
0.6006873454
0.6308935134
0.4108836323
0.5410247398
0.3731082895
0.3436829680
0.7351576054
0.6864859065
0.6420216549
0.6918125827
0.5566026703
0.4781917405
0.5500096364
0.5642771171
0.6068835478
0.6149059793
0.5454814815
0.6500833369
0.4287381611
0.4875059831
0.5868434489
0.5159261834
0.5957955414
0.6810793875
0.3867016934
0.5636729314
0.3945089551
0.7015282964
0.6003918676
0.6113430855
0.4031391344
0.7267047152
0.5555347764
0.5452975127
0.6082374642
0.4580185466
0.6254893399
0.5965372282
0.5701791884
0.6449563790
0.5498709783
0.5264949722
0.6018228100
0.3549822520
0.5788273378
0.5081972899
0.6567682493
0.5922723304
0.6358868748
0.3929013765
0.5556783151
0.6889550272
0.5719417770
0.5715317622
0.5006284859
0.4652241629
0.5273602183
0.5482898935
0.6495030407
0.6054085302
0.4928763726
0.3433585221
0.7550234652
0.5037468207
0.5464181770
0.4806851115
0.5397509137
0.5871474801
0.4204661504
0.5099607727
0.5635154856
0.4543183713
0.5531965661
0.5050353501
0.4766455037
0.5977945971
0.5695248976
0.5428925180
0.4535141326
0.6472215576
0.5134424759
0.6602858626
0.3460752179
0.7440341807
0.5156173476
0.6294476740
0.7004720466
0.4890604732
0.5944204805
0.4506582859
0.4296421213
0.4400519878
0.6299261399
0.6066541414
0.5206745376
0.6484101966
0.6480258460
0.3468425761
0.5200214937
0.7496288103
0.5701949828
0.5321973756
0.5038087720
0.4281968352
0.5191754932
0.4634157025
0.6564387438
0.6381467268
0.5460945972
0.5750971101
0.4374655481
0.5475138235
0.5933001713
0.5828236305
0.5039954342
0.6280446848
0.4852027795
0.5001637235
0.6903998029
0.5363733646
0.5863010172
0.6695736180
0.4760087528
0.5947715616
0.4776311717
0.4614553263
0.7012530834
0.5895166284
0.6564465188
0.6794112420
0.5860383983
0.5154251198
0.4785850142
0.2948245171
0.6652424212
0.5467543316
0.6317855189
0.5917627775
0.4464068133
0.5012152828
0.4382258183
0.5383034707
0.6866097139
0.7477924475
0.6361841438
0.6913515779
0.3054491602
0.6387130151
0.5440146299
0.4578974819
0.6736125257
0.5039910627
0.6762427119
0.6612940003
0.6187352237
0.5442969874
0.5983909683
0.5264918193
0.4446260200
0.6587969320
0.6856974678
0.7408964664
0.6413552599
0.5933766281
0.6449877826
0.7371253474
0.6855675019
0.5774700869
0.4473854236
0.5855684177
0.5373458908
0.5589607813
0.7119642130
0.6896631339
0.4780223916
0.3927496504
0.4882684788
0.7035990674
0.4759308183
0.5358094366
0.4805130464
0.5387578405
0.5095558890
0.4192717085
0.6417004676
0.5774866241
0.5036742463
0.4810446859
0.4576178881
0.6701865054
0.6155822252
0.6682071539
0.4770905098
0.6626958313
0.7928012973
0.4729197525
0.6359001799
0.5101210025
0.4708727219
0.5734985228
0.5669004298
0.5093131889
0.5321529487
0.4297068160
0.5699211700
0.7048467024
0.5256627523
0.3950626124
0.5450739683
0.4336312865
0.6069936390
0.5965371679
0.6201842833
0.5781444942
0.5921369042
0.6180199007
0.6601870208
0.5857966674
0.6786657395
0.6321336915
0.4771323994
0.6056503428
0.5792827079
0.5467472700
0.4123357660
0.4689422729
0.5632550402
0.4648556193
0.6436183613
0.6478013307
0.6457955407
0.5698927404
0.5612536010
0.3343197581
0.4881493137
0.6336113606
0.5357304416
0.4104641772
0.3952520940
0.5068742178
0.4687073171
0.4795178583
0.6517889614
0.7135302712
0.5648349993
0.6027624961
0.4791987301
0.5735225583
0.4737216659
0.5051663361
0.6623777792
0.4192114592
0.5444884763
0.5280960013
0.6267131381
0.6475647448
0.4867351510
0.5511517858
0.6915644904
0.4846858499
0.5023983385
0.4927571093
0.6232419574
0.5789230429
0.7078625643
0.5125668850
0.5824626425
0.5475656814
0.5929594974
0.5610202058
0.6387019392
0.4789773600
0.4396272542
0.4461523089
0.7687895258
0.5991380519
0.5371246230
0.5621381968
0.5267338241
0.4165650865
0.3737344946
0.6466530008
0.6809147152
0.4960860735
0.6168677992
0.5479195379
0.6078169478
0.5255488093
0.5679070676
0.4213353013
0.5882850304
0.4607217667
0.5854569210
0.6124695479
0.5659777034
0.4123556706
0.3454817998
0.5837525509
0.6967100698
0.5266143208
0.5983344733
0.6025751172
0.6738945202
0.7185785828
0.6480617276
0.5821302062
0.5333941343
0.5140676537
0.4358019719
0.5737589729
0.4295725333
0.4675940643
0.6022633681
0.5183525413
0.6174702735
0.5838082833
0.6456708063
0.7822247538
0.4841599921
0.7631143073
0.7306830718
0.6340275750
0.5297711160
0.4085104217
0.6067910853
0.6902594386
0.5160905806
0.5255011581
0.7540138041
0.5734691588
0.5495929778
0.4335400487
0.4933737419
0.6668834614
0.5066957369
0.4456330345
0.5155809637
0.6997303849
0.4095608486
0.4806289677
0.3133436571
0.6148175989
0.5296954281
0.5095486703
0.6753428113
0.7070632347
0.4874031344
0.6405959938
0.5942846593
0.4519512665
0.6265846540
0.5591685903
0.4494402487
0.4897510709
0.5582114258
0.6202239521
0.5674953149
0.6652252249
0.5130883892
0.7867137515
0.5577514652
0.5564703378
0.5102884312
0.4374909287
0.5238588791
0.7055478581
0.5543192278
0.6581049785
0.4509701176
0.4506873063
0.6213238072
0.5673324341
0.6792684954
0.5226314395
0.5960895326
0.6162204786
0.5668287609
0.6603816614
0.6297961065
0.5347722882
0.7047513583
0.6997130446
0.6110358171
0.4828617737
0.7280836642
0.5581553908
0.6392212625
0.3945171304
0.4743676345
0.6498755173
0.4703742627
0.8452198650
0.5282655227
0.5115817514
0.6331421596
0.5949294051
0.5688941964
0.6599366466
0.5335143415
0.4736711614
0.4904582877
0.6552272804
0.4864232830
0.5854366650
0.6762692137
0.4817860712
0.5117512001
0.6152054791
0.6312791486
0.5710180422
0.5045512572
0.5196169038
0.5289859951
0.4768248186
0.6520079406
0.4781745585
0.4433993096
0.6201172481
0.4637339780
0.4679182406
0.5991201828
0.4782558377
0.5088642598
0.5900586507
0.7016120902
0.4731479781
0.6273253531
0.5754010635
0.7068450556
0.5178780361
0.4539357075
0.6635249278
0.5312201236
0.4510063875
0.4790230854
0.5647055720
0.4229964275
0.5682643080
0.4999831849
0.6165961736
0.5782860143
0.6418590926
0.6521257037
0.6982029920
0.5972611026
0.6019523251
0.5364412218
0.5522167687
0.6946837176
0.6116775442
0.5407716364
0.6631746332
0.7299899748
0.6086116915
0.5760106180
0.4822673736
0.5984772750
0.7431770864
0.4975332726
0.6885200822
0.6144490397
0.4647043375
0.6006475627
0.6451524966
0.4510917943
0.5163055785
0.6633881804
0.3643784691
0.5517417271
0.5841823170
0.5137409118
0.4989510604
0.5868424368
0.5620010951
0.5009906172
0.4559187473
0.7440459397
0.5400777950
0.6334600677
0.6572740652
0.6277583707
0.4287668483
0.5509314741
0.5624311575
0.5831062887
0.4465206627
0.5304927893
0.7320042192
0.6019707517
0.5730239111
0.4475621325
0.7221337109
0.5438561028
0.5520743803
0.5066952916
0.4589358302
0.5245104018
0.6132579883
0.5960103152
0.6631269382
0.5861969566
0.4873512436
0.5377738220
0.3973401661
0.6551585303
0.5725037049
0.6859140461
0.7408538054
0.5540951165
0.5030126898
0.6546320496
0.5540096305
0.5646420468
0.4737761912
0.6598711575
0.5152666693
0.6584619940
0.5270264137
0.7772914669
0.6859289371
0.6799221893
0.7276213876
0.6543563135
0.6163377356
0.5984562884
0.8238224500
0.5599799411
0.5210711999
0.5824767170
0.4822925097
0.6490469539
0.6854966554
0.4232071847
0.5260850134
0.5610941793
0.4762675680
0.7053770680
0.5484046290
0.4354966379
0.4108887285
0.4368810657
0.5446851873
0.4279658057
0.5664926208
0.6338895043
0.6018743677
0.4462107275
0.7186058468
0.6501074192
0.5262487852
0.5020884494
0.5424367765
0.5997956188
0.7150609080
0.6011129751
0.6580093580
0.5652647572
0.6045185638
0.4406375265
0.6477429093
0.6349115770
0.4705858970
0.5799363098
0.6149575420
0.5387585568
0.4565580675
0.6840893033
0.5640545151
0.5795621321
0.5832488578
0.4799688081
0.4684633206
0.5600108384
0.6288409509
0.7024849574
0.6750276487
0.5818279170
0.6204717790
0.5612334361
0.5722095418
0.4054424744
0.6026390962
0.5256025115
0.5676433404
0.6630130259
0.5341415668
0.6574826030
0.6399071509
0.6601488176
0.7441014787
0.6081814826
0.5299847618
0.4965657396
0.4535089318
0.5053562750
0.4844109984
0.5895094734
0.4426580871
0.5924496702
0.6163087985
0.5660015251
0.7089248785
0.6109060201
0.7311515428
0.5467878210
0.6522102909
0.7573078810
0.4730780821
0.6150046013
0.4941974888
0.5588592559
0.5094015176
0.5727169314
0.5256439852
0.5214895577
0.4514176967
0.4873608310
0.5565313783
0.5906219208
0.6636983656
0.6486100970
0.3733702892
0.5367851196
0.3996098130
0.5160576037
0.4695735983
0.6013705427
0.5988354618
0.4906045988
0.5858711314
0.4967379432
0.5003555192
0.5874025441
0.6183608875
0.5507677955
0.6708497673
0.6312409198
0.6306087051
0.5820079461
0.5442964077
0.6016793777
0.5978871749
0.5843165840
0.5720338988
0.5691219618
0.6025755901
0.4266676099
0.6268751564
0.6583859336
0.4547705242
0.7051546172
0.4774039965
0.3195827148
0.3602514997
0.7215677216
0.5037249070
0.4027161855
0.5523531795
0.5649772995
0.5312347183
0.5087644424
0.6642213398
0.5960934226
0.4982288375
0.6102604235
0.5103722435
0.5227903709
0.5382726409
0.5061581164
0.7257609291
0.6539562274
0.6595758321
0.7378378248
0.6199652366
0.2148875810
0.6706907864
0.4451657810
0.5518425429
0.5417337044
0.5877931048
0.6008448044
0.5851287150
0.4670563713
0.6288578742
0.7241162048
0.7517171784
0.3284489559
0.4398310372
0.6575890369
0.6747197992
0.6011064319
0.6174893510
0.5707468221
0.5390388363
0.4983429305
0.4675548580
0.6713177876
0.5166298585
0.6915047884
0.5203650326
0.6318998740
0.3828757288
0.4919175886
0.4745733236
0.6706682654
0.5647050817
0.5874703664
0.5627925751
0.5582428389
0.5188775365
0.8195312399
0.5156953653
0.3757049551
0.5720238144
0.5291281050
0.4604537049
0.5658731306
0.4517910410
0.6725922265
0.6417602202
0.6497844468
0.3708523238
0.5297392258
0.4584405717
0.4715878377
0.4858667784
0.6022294757
0.5442168595
0.3820142151
0.6536652236
0.4954617809
0.6184225612
0.5925572150
0.4863024786
0.4410421201
0.6468578654
0.7006238330
0.5551297293
0.6891088320
0.7208158268
0.6043985080
0.5701338853
0.6019779554
0.6117339046
0.4952040338
0.6307348834
0.6556253913
0.6700456453
0.6604124811
0.4996507486
0.4800585554
0.6328720445
0.3123839479
0.4863423236
0.4153079103
0.4101085060
0.4717816459
0.6601940806
0.5158779040
0.5769412134
0.6185123410
0.6614778462
0.4966182230
0.6553988220
0.6035493133
0.4292874732
0.5938665006
0.7574734846
0.5864258846
0.5035881443
0.5083537000
0.4948064321
0.6205247575
0.5758392935
0.5533116127
0.5127724507
0.6194804675
0.5961589414
0.6420551482
0.5831987595
0.5997052698
0.4825072963
0.4586012010
0.5119261529
0.4723998793
0.6457109505
0.6664924895
0.6278450664
0.6430073150
0.4851147239
0.5964263566
0.5283224006
0.8102073110
0.3746449765
0.5313858137
0.5604563578
0.5298274189
0.7149521652
0.5124200257
0.5297770339
0.4756855748
0.4292321935
0.5245530284
0.6771263303
0.5148329354
0.3377298081
0.5878024040
0.6510576522
0.7165405559
0.4935027446
0.4981635934
0.5404489820
0.5777612343
0.4862880460
0.6423663914
0.6611432833
0.4800410612
0.4865379044
0.5618116602
0.6594027925
0.5704355264
0.5870834147
0.5114620598
0.6203856131
0.5506370154
0.5579861804
0.3914677631
0.4720246504
0.4011151348
0.4796922222
0.3473179361
0.4500356188
0.5743203199
0.4247472341
0.5853134054
0.5443240899
0.6159701041
0.6514502187
0.5666268612
0.5782375698
0.7032652063
0.6768077113
0.5926630614
0.5092683552
0.6070264543
0.4576728168
0.6064853190
0.6156047756
0.4229570853
0.4991800923
0.6147943826
0.6135983758
0.5953556155
0.6142330037
0.6300813400
0.6071179160
0.5819913771
0.5025627496
0.5351860213
0.6729034155
0.5371230845
0.4835996728
0.5280377530
0.5711098731
0.4619371015
0.5274648420
0.5837694171
0.4672247526
0.7275348920
0.6019808174
0.5381433370
0.5773349621
0.7545864793
0.3782341049
0.5239067471
0.5610270056
0.4381441792
0.6122567201
0.3676180592
0.6739980671
0.5901319613
0.6377993477
0.7551346476
0.4817857411
0.4640504533
0.5154131866
0.6731547901
0.6538061976
0.4791371200
0.5798452452
0.6178212665
0.5560531352
0.5816044142
0.8154227928
0.5536083602
0.4152766928
0.4924684489
0.4471615956
0.6610902493
0.6195653342
0.4749719097
0.7057846102
0.6810864686
0.4893537528
0.6136559400
0.5176770483
0.4695938808
0.6025994896
0.5564640200
0.6485740461
0.4879813246
0.5723395954
0.4058123347
0.5912526727
0.4867452015
0.4558726915
0.6236662850
0.4928266930
0.6079933877
0.4822436833
0.4063576088
0.5738919579
0.6027471270
0.3331762341
0.3583207578
0.5718434120
0.5828660204
0.5169160037
0.7842186815
0.6159339916
0.4277285213
0.5024260423
0.5367508505
0.5704647108
0.6342449736
0.6954402568
0.3729771275
0.5558775263
0.5491936290
0.4905902247
0.5612552333
0.4654300285
0.6768953225
0.6520246403
0.6402918476
0.5869369921
0.6382967076
0.5214905927
0.5286939085
0.4608173803
0.7553282859
0.6092478145
0.5024693865
0.5764170986
0.5356147516
0.5263682753
0.5354869871
0.6948709865
0.5855054145
0.6148106482
0.5553816828
0.5598972786
0.6357565184
0.5304795444
0.5493905077
0.5658430668
0.5760524804
0.6377302728
0.6405618544
0.5853352355
0.6601576474
0.6429068656
0.4395397128
0.5078510182
0.5618403051
0.5462028984
0.7434237924
0.5679637562
0.6579508424
0.5821711047
0.5668963927
0.7063972920
0.5775744560
0.4996319009
0.4383151779
0.6585517345
0.5797328632
0.6195287270
0.5083719668
0.6108515376
0.5118922427
0.7263279954
0.4983089134
0.5300520521
0.4603257897
0.4743947971
0.5801485146
0.4914786841
0.4407359422
0.4909951718
0.5472532179
0.5242947044
0.5385874659
0.5437829177
0.5539579650
0.6364762739
0.4376791301
0.5735125328
0.6304521714
0.5692922052
0.5127716489
0.5250929869
0.6202860860
0.5613672838
0.5297012927
0.5180894658
0.4825322258
0.5916408235
0.4939868910
0.4963106349
0.5593000043
0.3054902584
0.5475929920
0.6784943545
0.6710821525
0.4884947776
0.5424483689
0.5935208581
0.6624038989
0.5642187541
0.6124753592
0.5893800457
0.5008276260
0.6097136111
0.5553327558
0.4380988516
0.5650151534
0.5174146945
0.5981566884
0.4374205080
0.2712200385
0.6092157797
0.6909789042
0.5303399314
0.5868057302
0.6381981683
0.5076870925
0.4728762657
0.6499613537
0.7188267005
0.5584331200
0.5914489599
0.6354142078
0.7394263344
0.6140886434
0.5603829828
0.6355271440
0.6194479328
0.5430007930
0.5960733419
0.5578274327
0.6021780030
0.5241738985
0.7124600584
0.6148813156
0.5494449882
0.6023220808
0.5266842864
0.5562401000
0.5707997924
0.4016845526
0.5988772056
0.5941650778
0.7293042691
0.4910847927
0.4373753983
0.6700951557
0.6247465340
0.4807933763
0.5086635317
0.6592025291
0.5821445208
0.4842148469
0.6689295883
0.5719761021
0.6388715335
0.5193583053
0.7136055482
0.4335671168
0.6162672668
0.4604611583
0.5588511286
0.5022102513
0.4416626293
0.5399073663
0.5695710396
0.4278713680
0.5133596910
0.6936447083
0.3907683986
0.5498707362
0.6353684976
0.7083554725
0.6240065197
0.6105885597
0.6141078796
0.5007980091
0.5284606292
0.5883533052
0.6261555878
0.4301930983
0.3363433541
0.4384902692
0.5276910353
0.6326801019
0.1580593717
0.5109549104
0.6020245705
0.7028815099
0.6316214943
0.6334217260
0.5886781028
0.6104869371
0.5807827163
0.5076616895
0.6825174206
0.5719245987
0.5010932385
0.5629770755
0.4605577934
0.6360349776
0.5460882180
0.7027164144
0.5615612450
0.5595011339
0.5512425006
0.4582735232
0.5025768342
0.5566013433
0.4745501181
0.4717035113
0.5050514806
0.6388496223
0.4604772036
0.6398566595
0.6577377539
0.4503076260
0.6429799224
0.6613031204
0.5699972819
0.5857572328
0.4662737238
0.6665253468
0.4281858360
0.6029292816
0.6178930260
0.5171221583
0.5810645922
0.6298736824
0.5591102763
0.6325909715
0.6644127302
0.4632737758
0.5278959654
0.6155168857
0.3322470473
0.7324686710
0.4786557452
0.7027438328
0.7157630645
0.5049020698
0.5442795205
0.6807130758
0.5764992634
0.5384432603
0.6123880375
0.5379010630
0.6222986324
0.4469841929
0.5221767411
0.5373924383
0.5521157651
0.6005984901
0.4255105804
0.6288152352
0.6798705009
0.4550953780
0.5657501674
0.7298156880
0.5951030559
0.5818185826
0.6102705326
0.7160273216
0.4188840280
0.4964438691
0.5305244706
0.5464369683
0.6141851667
0.5359257557
0.5976451674
0.6830860715
0.5475973266
0.6204194333
0.4767167004
0.4822174813
0.5704032216
0.6211329968
0.6748636234
0.6719393163
0.6331401458
0.5808673172
0.5019667139
0.6345561573
0.4567474287
0.6102850515
0.6408393513
0.5364474293
0.6361461023
0.6155827756
0.4642812467
0.5586860832
0.5402709594
0.6779792467
0.3649338369
0.4072907633
0.5758017701
0.5023210276
0.4410969547
0.6197066429
0.4005281323
0.5731581345
0.5684410274
0.4441596266
0.5347760216
0.3815351231
0.5088256218
0.4616094463
0.6119086704
0.5615499425
0.7073233380
0.5519697038
0.5234414883
0.5912188360
0.4664946833
0.5486672614
0.5016647091
0.5042701176
0.4437698986
0.5278777819
0.6699344102
0.5582067007
0.5452614877
0.6179484143
0.7063059694
0.4997944176
0.5881899538
0.4947635574
0.5937896569
0.6685911968
0.5131922911
0.6932053677
0.6084595210
0.6304169534
0.6953604324
0.5248996039
0.6253717005
0.5703592293
0.5848410649
0.4508746651
0.4866444430
0.5757593244
0.4958942408
0.6171842676
0.4833889861
0.6693600573
0.4646511203
0.5435043912
0.6140208554
0.6495472316
0.2939062570
0.6669913977
0.5848546819
0.5947758207
0.6182850534
0.4856848951
0.6158523869
0.6208290606
0.5554807160
0.4967410540
0.7059000258
0.6013975504
0.5555681122
0.7436415735
0.4476492486
0.6634175048
0.5144066097
0.6632381560
0.6789803833
0.6398205914
0.5231159894
0.4270233322
0.5925466323
0.6659051136
0.5531980780
0.4921281011
0.4393881854
0.6344176531
0.3956379043
0.6033052437
0.4405200470
0.6805332278
0.6077915455
0.5491093506
0.5071359312
0.4957951317
0.5705074103
0.5572186127
0.6993399105
0.4593121423
0.6989037680
0.5651659477
0.6277041967
0.6163953139
0.5896978120
0.5181915342
0.6547147450
0.4968800033
0.4556029426
0.6062438566
0.5955953950
0.5457295744
0.5929214585
0.8064091576
0.5953175826
0.5677373502
0.7060228830
0.5234880985
0.6576517705
0.5156278992
0.6980870371
0.4550923125
0.5745185324
0.6849157288
0.6594936323
0.4887450710
0.4913765990
0.6156156394
0.5284624833
0.4639946816
0.6299557495
0.5125264782
0.6074007686
0.6666670319
0.5451246807
0.5645284768
0.4955854319
0.6369415401
0.5228115290
0.6859987302
0.5038263416
0.5183746124
0.6317513386
0.3782497962
0.5770019391
0.4389495590
0.4732229979
0.6245046162
0.6946319704
0.7208386295
0.5325577522
0.5634523363
0.4605388734
0.6518650944
0.6177515923
0.7250782601
0.2995886666
0.5632274027
0.5864044508
0.7260175885
0.6505376570
0.5007792207
0.5833357146
0.6543552721
0.4695463569
0.5561396499
0.5236318517
0.5856606395
0.5449881232
0.5271022382
0.7160932625
0.6552471737
0.4607155373
0.5323715509
0.6190013649
0.6332036758
0.4806231325
0.6027069163
0.6362019696
0.6788849192
0.7516703293
0.4859451703
0.5476435749
0.5892099059
0.4461953058
0.3913907584
0.5491333237
0.8200930100
0.7518760160
0.5006854802
0.5664664987
0.5483053081
0.6347393389
0.7355704365
0.3754816725
0.5833168698
0.3231457042
0.7214283204
0.5129341277
0.6085541981
0.6503782533
0.5314788245
0.4604421063
0.5374525344
0.6241645210
0.5706842305
0.6172980492
0.7436803482
0.6726566677
0.5420684700
0.5046191041
0.4041270531
0.5428420655
0.6391802687
0.6137445420
0.7482977717
0.5977085432
0.5571233903
0.4928187222
0.6639584378
0.5738054853
0.2892722825
0.4095828785
0.5221953857
0.4932263386
0.6864026830
0.7625053802
0.7133553417
0.6965781869
0.5223753416
0.6448706125
0.4652083986
0.5430373275
0.6291298667
0.6916273044
0.6534547171
0.5839954177
0.4405331052
0.4832186133
0.4119469317
0.6766827777
0.3964084136
0.6608601839
0.5488518083
0.6400954424
0.5716808544
0.7490490383
0.5342818618
0.5583113857
0.5414573980
0.5539251698
0.4372449349
0.7352454578
0.7043219082
0.4869470452
0.6070692501
0.5814793107
0.6089381368
0.6000161802
0.4301184676
0.6422081494
0.6773551467
0.5196962948
0.5018752254
0.6389350456
0.4892440420
0.5980906932
0.5681841193
0.5372446044
0.6364415169
0.5928050406
0.5888884620
0.5098580357
0.4492224021
0.6306882483
0.5264977551
0.4635973367
0.5780327283
0.4511192625
0.5186648585
0.5469860689
0.5093556736
0.6586557604
0.5425372937
0.5164397192
0.6398880957
0.5480183321
0.6891310599
0.4936227351
0.4653946578
0.5556322853
0.6520054275
0.4839665756
0.5559805486
0.7807583887
0.4949782069
0.5831379460
0.5153400781
0.6434895661
0.5361993007
0.7196034232
0.6379346656
0.6296712564
0.6073027035
0.6711769444
0.6595664717
0.6369654809
0.5424278764
0.6745971843
0.5641502507
0.7138657253
0.4942599387
0.6393573452
0.5695289145
0.5252308533
0.5977142938
0.5649004976
0.5686438418
0.4465688709
0.5510669475
0.5017920188
0.5220932413
0.6013654007
0.5087081049
0.5528955562
0.5982623313
0.5481598771
0.5017928180
0.6032202411
0.6739666534
0.5996709524
0.4666210317
0.4642033870
0.5637589788
0.7009050450
0.4494114532
0.5464999062
0.6702251745
0.6322646585
0.5993153078
0.5329919803
0.6157900005
0.5596852157
0.4908683556
0.6906569695
0.4685497849
0.4710950257
0.6120088267
0.4460941055
0.6521488941
0.5325802376
0.6294156130
0.5615359979
0.5188866328
0.5976327431
0.4872078191
0.6725513004
0.5905980518
0.5043917849
0.5309912609
0.6012088304
0.4841974373
0.5586274820
0.4309790769
0.5308045951
0.6661278012
0.4422831836
0.4202663990
0.5091782996
0.3567527596
0.6060857647
0.6082731309
0.6202758794
0.6862233739
0.6088545389
0.4033698193
0.4537908493
0.6329856803
0.6269321950
0.5827771651
0.4899907837
0.5127365481
0.6336132887
0.5912933835
0.5639774326
0.6428471429
0.4567974489
0.6495770357
0.5407977275
0.4265217924
0.6971132639
0.3224642760
0.5699823139
0.5572825581
0.6253308623
0.5681812830
0.5965491573
0.5323705620
0.4517217165
0.5757802050
0.5931858788
0.4378002042
0.5435563495
0.5976891819
0.4963444950
0.7470868047
0.6840234071
0.4802906814
0.4686072901
0.5631289946
0.5213670961
0.5995469536
0.5905129828
0.5497001052
0.5716985860
0.4985977355
0.5121168573
0.6734891054
0.6598520929
0.3151141601
0.7259019974
0.5582652916
0.6613552286
0.5452369281
0.5547038838
0.6128603955
0.5642593423
0.5739759296
0.7873037358
0.6015758929
0.5379469209
0.3869844141
0.7259526011
0.5388535623
0.5468681849
0.6322951407
0.6598038674
0.5370999937
0.5593371825
0.6765959505
0.6159266743
0.6355941473
0.6004976107
0.6252050876
0.6038078923
0.6451043624
0.5514946911
0.5962068458
0.5558178242
0.5593512471
0.4687804645
0.6655913015
0.5781555574
0.6724055746
0.7419182226
0.5078283066
0.5313819065
0.5551290976
0.4195660159
0.5662209793
0.4958932134
0.5383195380
0.4499128760
0.6375894187
0.4674813601
0.5050100019
0.5744803360
0.4282697803
0.5813976621
0.6600972259
0.6482131906
0.6365064700
0.5266365422
0.3766663463
0.5699410001
0.5188569979
0.6598841388
0.5411149394
0.6096098274
0.4662981478
0.4773742645
0.5062049995
0.5264555961
0.4365310423
0.6191670922
0.6687911615
0.6311079391
0.6890501156
0.6303200064
0.5903705865
0.7344751279
0.4556983986
0.5035074043
0.6193203229
0.5767469364
0.4005554222
0.5938795347
0.4725626098
0.7329816505
0.6076961321
0.6636932972
0.7150511761
0.6018080500
0.5715935305
0.5371148989
0.5096015670
0.6514173053
0.5750095507
0.6458784045
0.5449747432
0.6855760751
0.5310726964
0.6009970338
0.5221079548
0.5145189024
0.4872802207
0.5282988466
0.4482521737
0.4945449975
0.5411399785
0.6292690984
0.5799600429
0.4870589113
0.6638205007
0.6923667265
0.5972993881
0.6701690365
0.4562358674
0.5952489482
0.6360410646
0.5526278960
0.6126380809
0.5940181773
0.6559075173
0.4167436791
0.5853281693
0.5692228623
0.5789869077
0.6398528023
0.5479770426
0.5282369472
0.7274193527
0.6512417069
0.4884663222
0.4678785212
0.4105421971
0.4318757751
0.5966373016
0.4811432317
0.4187520705
0.4723541311
0.6846282172
0.6094207000
0.5711503087
0.5805710240
0.6354571630
0.5964804982
0.7012077930
0.6093094049
0.5912628294
0.5683532138
0.5267934066
0.4455407014
0.6763901584
0.5952612589
0.3615661680
0.7220702474
0.5826914222
0.5523953558
0.5524668624
0.6206860948
0.6697671366
0.5063665254
0.6826477265
0.4983042749
0.4903747682
0.5534310928
0.4521278664
0.6040445023
0.6085163611
0.5332102640
0.5375507475
0.3544829391
0.6689317393
0.4187892998
0.5307368064
0.6557980862
0.6405461559
0.5481298725
0.6613865268
0.6544562132
0.6042833813
0.6554478460
0.6549736643
0.7779553983
0.5472195603
0.4654847580
0.5033008090
0.6004334038
0.4043651810
0.6009735405
0.4344719305
0.6783557502
0.6878128943
0.5609300068
0.7210439586
0.4462573706
0.6366539920
0.6098396093
0.5589170957
0.4403811664
0.5285942942
0.4937898043
0.6252125751
0.4732954405
0.4606016063
0.5746099480
0.6262174829
0.6460195402
0.5190753327
0.6699394532
0.3526931277
0.5447054227
0.6165294548
0.5888558302
0.6520338176
0.5339739245
0.6050146680
0.5600462363
0.6612183805
0.7107975059
0.5476564368
0.5408332018
0.6269459004
0.4054931380
0.5523457437
0.6542406700
0.5788478738
0.7128022565
0.4855362518
0.5911405303
0.6267251218
0.7025223935
0.5102615997
0.5502994948
0.5761261485
0.4704905417
0.7069894564
0.5064660078
0.5772552707
0.6347809670
0.4657765308
0.5819416755
0.6715798750
0.6477493909
0.5485629777
0.6172091744
0.5725485154
0.5923042946
0.5675130130
0.5141279896
0.5221630659
0.6367164215
0.6543397691
0.6113877140
0.6119563377
0.4456028468
0.5212681508
0.5111201643
0.3090109818
0.4146829930
0.6336092654
0.5696317546
0.7242375728
0.5889213197
0.6197443426
0.6727232583
0.4745040895
0.5278831359
0.6553571567
0.5267115028
0.4487547227
0.6721397194
0.5861364647
0.5977494726
0.7415619248
0.3811149841
0.5407710679
0.4965628441
0.5442569222
0.5660650533
0.5888134174
0.4566439827
0.4549320654
0.4965623734
0.4516580626
0.4939507142
0.4939118773
0.5966533854
0.6858749833
0.6592138159
0.5820641961
0.4907245032
0.5047786676
0.6162237815
0.6345294230
0.5981158757
0.4487199350
0.4541370168
0.6092452189
0.3288333832
0.4719422329
0.6322307057
0.4722108390
0.3702315345
0.6340779849
0.5980496795
0.5356627509
0.4676539187
0.6567641984
0.5385295988
0.6301207438
0.4857768256
0.5774332822
0.5459945476
0.5055567472
0.5744840307
0.5320421385
0.5393983962
0.5741295468
0.4983653933
0.4487294267
0.6192594334
0.4664974168
0.8027528836
0.5881078401
0.5793755239
0.4039650536
0.4731238655
0.6857583621
0.4938542858
0.4902097545
0.6190353629
0.5889746637
0.5169153033
0.6308316174
0.4254262424
0.6372733460
0.5761535394
0.5566578987
0.4873325569
0.5821755006
0.5524478533
0.5996628921
0.5064417749
0.7747809057
0.5474281411
0.5514288006
0.7935125824
0.5085707952
0.6206137636
0.6191314169
0.5168544468
0.5870369375
0.4402406842
0.5611680357
0.6556311474
0.5778669500
0.3943535807
0.5812885509
0.6809182663
0.4303053540
0.5337730100
0.6545501234
0.6568437347
0.6370912707
0.5947641844
0.5718378811
0.6210293621
0.5782282554
0.5651385908
0.4747550560
0.4466952971
0.5430355605
0.6173561983
0.6027060431
0.3674211503
0.6764901645
0.6923474201
0.6318070746
0.6103991501
0.6349220885
0.5929543099
0.5349323319
0.7668816465
0.6382872592
0.4782867609
0.6003611077
0.5882492297
0.5149723182
0.5435588038
0.5970113390
0.6644575641
0.5502742725
0.4539370191
0.5818150705
0.4492982214
0.4956256055
0.4768696374
0.7054139642
0.5821678610
0.6031320396
0.6662443805
0.6525427579
0.4692722236
0.5689356079
0.5744911635
0.6590292447
0.5452046485
0.5689608302
0.6325787026
0.6794849588
0.4793140303
0.5873631685
0.4938396501
0.6478602714
0.5084302368
0.5589449693
0.6776318668
0.6264352368
0.4876651703
0.5379426534
0.6936141746
0.4591776287
0.5478827091
0.6680752900
0.6406707167
0.5103842684
0.5652826326
0.5605112590
0.6514634973
0.6121418959
0.5142048023
0.4861404522
0.4287064367
0.6105339728
0.5455033073
0.6516062789
0.5934112587
0.5514126492
0.6248229441
0.5546779581
0.4397899180
0.2837919299
0.6815194154
0.4382415974
0.3114655127
0.7088444764
0.6262480060
0.4854274902
0.6454812928
0.6118690195
0.6611658098
0.5051444991
0.4794803738
0.6422352738
0.4869705029
0.5330149929
0.4642557878
0.5617531106
0.6141345598
0.5663777442
0.4525434235
0.5055376693
0.5218469574
0.5438657399
0.5954336693
0.6843099378
0.6234597562
0.5153266459
0.5408520898
0.5943751324
0.6272839127
0.6505312905
0.6239050648
0.6466067253
0.6574823393
0.4964709408
0.7376553257
0.6563420981
0.5671595588
0.4359913602
0.6919154044
0.5027698067
0.5670330670
0.4825430834
0.6398297846
0.4605372008
0.4964573924
0.4229667358
0.4504725402
0.6017335098
0.7040776149
0.5166346693
0.4975686726
0.7409800165
0.6671563435
0.4539216306
0.7061367878
0.5480236439
0.6193862686
0.5303601461
0.6247783843
0.3981265863
0.5256732173
0.5671605515
0.5124102734
0.5816310705
0.5044310482
0.6476340752
0.6576499299
0.5740982434
0.6621070985
0.6087788218
0.4855323407
0.5401605851
0.5094209122
0.7411339665
0.5787411042
0.5081793755
0.6085486895
0.5493730432
0.6682740010
0.6146538191
0.6330635245
0.2478371605
0.5400758750
0.5972186179
0.5534169631
0.5237223605
0.5814519052
0.5050924174
0.4406916788
0.6473935060
0.6875203888
0.6632580205
0.6677631535
0.5852066655
0.3635313872
0.6373348020
0.5373930087
0.6241933003
0.7016095434
0.5517316812
0.6512493910
0.5351170425
0.4850508875
0.6454085212
0.5816504923
0.5380301989
0.6179914528
0.7075410256
0.6925682195
0.5702103198
0.4992225864
0.6853833559
0.5430178488
